139
142
644
654
727
730
739
752
769
770
844
859
875
1107
1133
1142
1146
1155
1166
1316
1319
1421
1434
1568
1692
1708
1720
1738
2230
2258
2270
2588
2999
3084
3193
3290
4449
5264
5871
6003
6776
7145
7447
8776
27033
52265
52704
63229
65387
65558
65629
66008
66503
66513
66549
67852
68515
68533
68544
69788
71748
72332
72609
72781
73158
73453
73480
73501
74056
74086
74317
74679
74760
74782
75434
76149
77468
77734
77783
78043
78045
78379
79281
79283
79594
79677
80160
80204
80742
81067
81330
81405
81441
81700
81753
81758
81765
82261
82384
82525
82715
82751
83260
83268
83279
83603
83658
83773
84551
84734
84768
84861
84974
85624
85785
86504
86521
86668
86709
86753
87053
87330
87370
87420
87591
87649
87745
87751
87769
87808
88038
88335
88578
88975
89100
89211
89664
89666
89668
89705
90273
90286
90292
90303
90432
90514
90883
90897
90910
91058
91163
91187
91229
91268
91683
91747
91856
91904
92382
92639
92747
92852
92885
93162
93391
93450
93455
93568
93628
93775
93885
93894
93911
93991
94080
94146
94268
94308
94423
94531
94670
94765
94786
94949
94972
95023
95230
95521
95597
95750
95758
95765
95771
95977
96018
96210
96242
96264
96288
96298
96300
96316
96516
96585
96603
96732
96769
96865
96939
97094
97117
97117
97146
97190
97238
97336
97759
97845
97849
97872
97874
97876
97888
97955
98063
98224
98294
98335
98337
98339
98387
98404
98406
98409
98411
98413
98566
98617
98619
98815
98817
98819
98929
98931
98936
98996
99420
99489
99519
99566
99568
99596
99671
99717
99822
99891
99901
99989
100050
100190
100268
100330
100444
100521
100534
100593
100633
100645
100647
100653
100655
100838
100838
100951
101006
101172
101200
101444
101483
101616
101634
101678
101916
101944
102450
102841
102860
102897
102976
103003
103087
103143
103317
103380
103472
103551
103614
103631
103633
103790
103829
103877
104066
104116
104155
104317
104438
104526
104798
105115
105150
105189
105191
105244
105299
105335
105435
105499
105506
105591
105595
105776
105825
105846
105890
105901
105915
106068
106076
106107
106115
106363
106458
106462
106517
106527
106565
106682
106820
106914
106990
106994
107100
107143
107199
107503
107567
107569
107669
107710
107836
107851
107970
107974
107984
108097
108138
108407
108413
108667
108674
108846
109002
109030
109034
109069
109193
109253
109287
109381
109476
109479
109565
109571
109613
109623
109715
109812
109925
110042
110196
110255
110267
110409
110412
110493
110629
110800
110802
110895
110966
111128
111548
111601
111809
111885
112204
112406
112448
112493
112510
112648
112992
113128
113256
113420
113470
113634
113636
113721
113834
113843
113953
113972
113976
114172
114193
114327
114503
114624
114631
114698
114909
114931
114963
114995
115004
115038
115279
115353
115388
115412
115419
115441
115529
115690
115821
116096
116100
116102
116108
116179
116203
116405
116421
116425
116435
116917
116921
116923
116955
116959
116961
116965
116967
117182
117698
117722
117840
117847
117865
118089
118242
118288
118294
118340
118352
118482
118608
118610
118764
118864
118932
118934
118938
118940
118942
118948
118954
118956
118958
118983
119041
119051
119082
119084
119129
119131
119174
119176
119178
120299
120518
120771
120865
120873
120932
121581
121590
121592
121598
121600
121729
121741
121815
121863
122058
122145
122393
122944
123252
124693
125603
125605
125632
125636
125642
125864
125876
125882
125886
125924
125928
125938
125940
125956
125960
125976
125988
126020
126024
126026
126052
126060
126070
126084
126094
126098
126100
126108
126162
126176
126428
126945
126967
126979
126991
127003
127005
127031
127062
127190
127230
127262
128305
128383
128401
128596
128598
128688
128717
128904
128916
128942
129185
129187
129393
129407
129409
129411
129421
129512
129703
129812
129849
129851
129877
129879
129881
129885
129887
129925
129929
129980
130064
130296
130466
131031
131052
131110
131122
138698
